
Xcurr_next : 
-0.335616 -0.263699 1.375739 -0.314914 0.047059 

Xcurr_next : 
0.051383 -0.169151 1.542197 -0.458926 0.012482 

Xcurr_next : 
-0.232969 -0.238621 1.383889 -0.356625 0.058762 

Xcurr_next : 
0.147624 -0.145639 1.289753 -0.328899 0.024757 

Xcurr_next : 
-0.132021 -0.213958 1.134065 -0.228292 0.070271 

Xcurr_next : 
0.242271 -0.122516 1.041488 -0.201026 0.036829 

Xcurr_next : 
-0.032744 -0.189704 0.888378 -0.102085 0.081589 

Xcurr_next : 
0.335350 -0.099776 0.797333 -0.075269 0.048701 

Xcurr_next : 
0.064890 -0.165852 0.646758 0.022034 0.092720 

Xcurr_next : 
0.426889 -0.077412 0.557221 0.048405 0.060377 

Xcurr_next : 
0.160906 -0.142394 0.409139 0.144097 0.103667 

Xcurr_next : 
0.516913 -0.055418 0.321084 0.170032 0.071859 

Xcurr_next : 
0.255333 -0.119324 0.175454 0.264139 0.114432 

Xcurr_next : 
0.605445 -0.033789 0.088857 0.289645 0.083151 

Xcurr_next : 
0.348197 -0.096637 -0.054362 0.382194 0.125020 

Xcurr_next : 
0.692512 -0.012518 -0.139525 0.407278 0.094256 

Xcurr_next : 
0.439523 -0.074325 -0.280373 0.498295 0.135432 

Xcurr_next : 
0.778138 0.008401 -0.364126 0.522963 0.105178 

Xcurr_next : 
0.529337 -0.052383 -0.502642 0.612473 0.145671 

Xcurr_next : 
0.862346 0.028974 -0.585009 0.636732 0.115918 

Xcurr_next : 
0.617664 -0.030804 -0.721231 0.724761 0.155741 

Xcurr_next : 
0.945159 0.049206 -0.802234 0.748618 0.126481 

Xcurr_next : 
0.704529 -0.009582 -0.936201 0.835189 0.165645 

Xcurr_next : 
1.026602 0.069103 -1.015863 0.858652 0.136869 

Xcurr_next : 
0.789955 0.011288 -1.147612 0.943789 0.175384 

Xcurr_next : 
1.106696 0.088671 -1.225955 0.966864 0.147084 

Xcurr_next : 
0.873967 0.031813 -1.355523 1.050592 0.184962 

Xcurr_next : 
1.185464 0.107915 -1.432568 1.073284 0.157131 

Xcurr_next : 
0.956589 0.051998 -1.559991 1.155626 0.194382 

Xcurr_next : 
1.262928 0.126840 -1.635761 1.177942 0.167011 

Xcurr_next : 
1.037842 0.071849 -1.761074 1.258921 0.203645 

Xcurr_next : 
1.339109 0.145451 -1.835590 1.280868 0.176728 

Xcurr_next : 
1.117750 0.091371 -1.958828 1.360506 0.212755 

Xcurr_next : 
1.414029 0.163755 -2.032110 1.382089 0.186284 

Xcurr_next : 
1.196335 0.110570 -2.153308 1.460408 0.221715 

Xcurr_next : 
1.487709 0.181756 -2.225376 1.481635 0.195682 

Xcurr_next : 
1.273619 0.129452 -2.344567 1.558657 0.230526 

Xcurr_next : 
1.560168 0.199458 -2.415443 1.579532 0.204924 

Xcurr_next : 
1.349623 0.148020 -2.532660 1.655279 0.239191 

Xcurr_next : 
1.631428 0.216868 -2.602362 1.675809 0.214013 

Xcurr_next : 
1.424369 0.166281 -2.717639 1.750302 0.247713 

Xcurr_next : 
1.701509 0.233989 -2.786187 1.770491 0.222951 

Xcurr_next : 
1.497877 0.184240 -2.899556 1.843751 0.256093 

Xcurr_next : 
1.770429 0.250827 -2.966969 1.863606 0.231742 

Xcurr_next : 
1.570169 0.201901 -3.078460 1.935653 0.264335 

Xcurr_next : 
1.838207 0.267386 -3.144757 1.955180 0.240387 

Xcurr_next : 
1.641263 0.219270 -3.254403 2.026034 0.272440 

Xcurr_next : 
1.904864 0.283670 -3.319602 2.045237 0.248889 

Xcurr_next : 
1.711181 0.236352 -3.427432 2.114918 0.280412 

Xcurr_next : 
1.970417 0.299686 -3.491552 2.133803 0.257250 

Xcurr_next : 
1.779941 0.253150 -3.597597 2.202330 0.288251 

Xcurr_next : 
2.034885 0.315436 -3.660655 2.220903 0.265473 

Xcurr_next : 
1.847562 0.269671 -3.764944 2.288295 0.295960 

Xcurr_next : 
2.098285 0.330925 -3.826958 2.306560 0.273559 

Xcurr_next : 
1.914064 0.285918 -3.929521 2.372837 0.303542 

Xcurr_next : 
2.160636 0.346158 -3.990508 2.390800 0.281512 

Xcurr_next : 
1.979465 0.301896 -4.091373 2.455979 0.310998 

Xcurr_next : 
2.221955 0.361138 -4.151350 2.473644 0.289333 

Xcurr_next : 
2.043783 0.317609 -4.250545 2.537745 0.318331 

Xcurr_next : 
2.282258 0.375871 -4.309529 2.555118 0.297024 

Xcurr_next : 
2.107036 0.333063 -4.407082 2.618157 0.325543 

Xcurr_next : 
2.341562 0.390360 -4.465090 2.635242 0.304589 

Xcurr_next : 
2.169242 0.348260 -4.561027 2.697237 0.332635 

Xcurr_next : 
2.399885 0.404608 -4.618074 2.714040 0.312027 

Xcurr_next : 
2.230417 0.363206 -4.712423 2.775009 0.339609 

Xcurr_next : 
2.457243 0.418621 -4.768526 2.791533 0.319343 

Xcurr_next : 
2.290580 0.377904 -4.861313 2.851492 0.346468 

Xcurr_next : 
2.513650 0.432402 -4.916487 2.867743 0.326538 

Xcurr_next : 
2.349747 0.392359 -5.007737 2.926709 0.353214 

Xcurr_next : 
2.569124 0.445955 -5.061998 2.942691 0.333613 

Xcurr_next : 
2.407935 0.406575 -5.151737 3.000681 0.359848 

Xcurr_next : 
2.623679 0.459283 -5.205100 3.016398 0.340572 

Xcurr_next : 
2.465159 0.420555 -5.293354 3.073429 0.366372 

Xcurr_next : 
2.677331 0.472391 -5.345833 3.088885 0.347415 

Xcurr_next : 
2.521435 0.434304 -5.432625 3.144971 0.372788 

Xcurr_next : 
2.730095 0.485281 -5.484235 3.160172 0.354145 

Xcurr_next : 
2.576780 0.447825 -5.569591 3.215330 0.379098 

Xcurr_next : 
2.781985 0.497959 -5.620346 3.230279 0.360763 

Xcurr_next : 
2.631209 0.461123 -5.704289 3.284523 0.385303 

Xcurr_next : 
2.833016 0.510426 -5.754204 3.299225 0.367272 

Xcurr_next : 
2.684736 0.474200 -5.836756 3.352571 0.391405 

Xcurr_next : 
2.883202 0.522687 -5.885845 3.367029 0.373673 

Xcurr_next : 
2.737377 0.487060 -5.967031 3.419492 0.397407 

Xcurr_next : 
2.932557 0.534745 -6.015307 3.433711 0.379968 

Xcurr_next : 
2.789147 0.499708 -6.095149 3.485305 0.403309 

Xcurr_next : 
2.981095 0.546603 -6.142625 3.499289 0.386159 

Xcurr_next : 
2.840059 0.512147 -6.221145 3.550029 0.409114 

Xcurr_next : 
3.028830 0.558265 -6.267836 3.563781 0.392248 

Xcurr_next : 
2.890129 0.524379 -6.345056 3.613681 0.414822 

Xcurr_next : 
3.075774 0.569734 -6.390973 3.627205 0.398235 

Xcurr_next : 
2.939369 0.536409 -6.466914 3.676279 0.420436 

Xcurr_next : 
3.121941 0.581013 -6.512072 3.689579 0.404124 

Xcurr_next : 
2.987794 0.548240 -6.586756 3.737841 0.425957 

Xcurr_next : 
3.167343 0.592105 -6.631166 3.750921 0.409915 

Xcurr_next : 
3.035418 0.559874 -6.704613 3.798383 0.431386 

Xcurr_next : 
3.211994 0.603014 -6.748288 3.811246 0.415610 

Xcurr_next : 
3.082253 0.571317 -6.820519 3.857923 0.436726 

Xcurr_next : 
3.255906 0.613742 -6.863470 3.870574 0.421211 

Xcurr_next : 
3.128313 0.582569 -6.934506 3.916477 0.441977 

Xcurr_next : 
3.299090 0.624292 -6.976746 3.928918 0.426719 

Xcurr_next : 
3.173610 0.593636 -7.046605 3.974062 0.447141 

Xcurr_next : 
3.341560 0.634668 -7.088146 3.986297 0.432136 

Xcurr_next : 
3.218157 0.604519 -7.156849 4.030694 0.452220 

Xcurr_next : 
3.383326 0.644871 -7.197702 4.042726 0.437463 

Xcurr_next : 
3.261966 0.615222 -7.265268 4.086387 0.457215 

Xcurr_next : 
3.424401 0.654906 -7.305444 4.098221 0.442702 

Xcurr_next : 
3.305050 0.625748 -7.371891 4.141159 0.462127 

Xcurr_next : 
3.464796 0.664775 -7.411403 4.152796 0.447854 

Xcurr_next : 
3.347421 0.636100 -7.476749 4.195024 0.466957 

Xcurr_next : 
3.504522 0.674481 -7.515606 4.206469 0.452921 

Xcurr_next : 
3.389090 0.646280 -7.579871 4.247997 0.471708 

Xcurr_next : 
3.543590 0.684025 -7.618085 4.259252 0.457904 

Xcurr_next : 
3.430070 0.656291 -7.681286 4.300093 0.476380 

Xcurr_next : 
3.582012 0.693412 -7.718867 4.311162 0.462805 

Xcurr_next : 
3.470371 0.666137 -7.781021 4.351327 0.480975 

Xcurr_next : 
3.619797 0.702643 -7.817980 4.362212 0.467624 

Xcurr_next : 
3.510005 0.675820 -7.879106 4.401712 0.485493 

Xcurr_next : 
3.656957 0.711722 -7.915453 4.412417 0.472364 

Xcurr_next : 
3.548982 0.685343 -7.975566 4.451263 0.489937 

Xcurr_next : 
3.693501 0.720650 -8.011311 4.461791 0.477025 

Xcurr_next : 
3.587314 0.694708 -8.070429 4.499993 0.494307 

Xcurr_next : 
3.729441 0.729430 -8.105583 4.510347 0.481609 

Xcurr_next : 
3.625012 0.703917 -8.163722 4.547917 0.498605 

Xcurr_next : 
3.764785 0.738065 -8.198294 4.558100 0.486117 

Xcurr_next : 
3.662085 0.712975 -8.255470 4.595048 0.502832 

Xcurr_next : 
3.799544 0.746557 -8.289469 4.605061 0.490550 

Xcurr_next : 
3.698545 0.721882 -8.345699 4.641398 0.506989 

Xcurr_next : 
3.833728 0.754909 -8.379135 4.651246 0.494910 

Xcurr_next : 
3.734401 0.730642 -8.434434 4.686980 0.511076 

Xcurr_next : 
3.867346 0.763122 -8.467317 4.696665 0.499198 

Xcurr_next : 
3.769663 0.739257 -8.521700 4.731808 0.515097 

Xcurr_next : 
3.900407 0.771199 -8.554039 4.741333 0.503415 

Xcurr_next : 
3.804342 0.747729 -8.607522 4.775894 0.519050 

Xcurr_next : 
3.932921 0.779142 -8.639324 4.785261 0.507562 

Xcurr_next : 
3.838446 0.756061 -8.691922 4.819250 0.522939 

Xcurr_next : 
3.964896 0.786954 -8.723198 4.828462 0.511641 

Xcurr_next : 
3.871986 0.764255 -8.774925 4.861888 0.526762 

Xcurr_next : 
3.996342 0.794637 -8.805683 4.870947 0.515652 

Xcurr_next : 
3.904970 0.772314 -8.856554 4.903820 0.530523 

Xcurr_next : 
4.027268 0.802192 -8.886803 4.912729 0.519596 

Xcurr_next : 
3.937408 0.780239 -8.936831 4.945058 0.534221 

Xcurr_next : 
4.057681 0.809622 -8.966579 4.953820 0.523475 

Xcurr_next : 
3.969309 0.788032 -9.015779 4.985613 0.537858 

Xcurr_next : 
4.087591 0.816930 -9.045035 4.994230 0.527290 

Xcurr_next : 
4.000682 0.795697 -9.093420 5.025497 0.541435 

Xcurr_next : 
4.117006 0.824116 -9.122191 5.033971 0.531042 

Xcurr_next : 
4.031536 0.803235 -9.169775 5.064720 0.544953 

Xcurr_next : 
4.145934 0.831183 -9.198071 5.073054 0.534732 

Xcurr_next : 
4.061879 0.810648 -9.244867 5.103294 0.548412 

Xcurr_next : 
4.174382 0.838133 -9.272693 5.111490 0.538360 

Xcurr_next : 
4.091719 0.817938 -9.318715 5.141229 0.551814 

Xcurr_next : 
4.202360 0.844969 -9.346081 5.149289 0.541929 

Xcurr_next : 
4.121066 0.825108 -9.391340 5.178536 0.555160 

Xcurr_next : 
4.229875 0.851691 -9.418253 5.186463 0.545438 

Xcurr_next : 
4.149926 0.832158 -9.462763 5.215226 0.558450 

Xcurr_next : 
4.256934 0.858301 -9.489231 5.223021 0.548889 

Xcurr_next : 
4.178309 0.839093 -9.533004 5.251308 0.561686 

Xcurr_next : 
4.283544 0.864803 -9.559033 5.258974 0.552283 

Xcurr_next : 
4.206221 0.845912 -9.602081 5.286793 0.564868 

Xcurr_next : 
4.309715 0.871196 -9.627679 5.294332 0.555621 

Xcurr_next : 
4.233672 0.852618 -9.670015 5.321690 0.567998 

Xcurr_next : 
4.335452 0.877484 -9.695189 5.329104 0.558904 

Xcurr_next : 
4.260668 0.859214 -9.736824 5.356009 0.571076 

Xcurr_next : 
4.360763 0.883668 -9.761582 5.363301 0.562132 

Xcurr_next : 
4.287217 0.865700 -9.802527 5.389760 0.574102 

Xcurr_next : 
4.385655 0.889749 -9.826875 5.396931 0.565307 

Xcurr_next : 
4.313327 0.872079 -9.867142 5.422953 0.577079 

Xcurr_next : 
4.410135 0.895730 -9.891087 5.430005 0.568430 

Xcurr_next : 
4.339004 0.878352 -9.930688 5.455595 0.580007 

Xcurr_next : 
4.434209 0.901611 -9.954236 5.462531 0.571500 

Xcurr_next : 
4.364256 0.884521 -9.993181 5.487698 0.582886 

Xcurr_next : 
4.457885 0.907396 -10.016339 5.494519 0.574520 

Xcurr_next : 
4.389090 0.890588 -10.054639 5.519269 0.585717 

Xcurr_next : 
4.481169 0.913084 -10.077414 5.525977 0.577490 

Xcurr_next : 
4.413513 0.896555 -10.115080 5.550317 0.588501 

Xcurr_next : 
4.504067 0.918678 -10.137478 5.556914 0.580411 

Xcurr_next : 
4.437532 0.902423 -10.174521 5.580851 0.591240 

Xcurr_next : 
4.526587 0.924180 -10.196548 5.587339 0.583283 

Xcurr_next : 
4.461153 0.908194 -10.232977 5.610880 0.593933 

Xcurr_next : 
4.548733 0.929591 -10.254639 5.617260 0.586108 

Xcurr_next : 
4.484382 0.913869 -10.290465 5.640411 0.596581 

Xcurr_next : 
4.570513 0.934911 -10.311769 5.646685 0.588886 

Xcurr_next : 
4.507228 0.919450 -10.347002 5.669453 0.599186 

Xcurr_next : 
4.591932 0.940144 -10.367953 5.675624 0.591617 

Xcurr_next : 
4.529695 0.924939 -10.402603 5.698015 0.601747 

Xcurr_next : 
4.612996 0.945291 -10.423207 5.704083 0.594304 

Xcurr_next : 
4.551790 0.930337 -10.457283 5.726104 0.604266 

Xcurr_next : 
4.633712 0.950352 -10.477545 5.732072 0.596946 

Xcurr_next : 
4.573519 0.935646 -10.511057 5.753727 0.606743 

Xcurr_next : 
4.654085 0.955329 -10.530985 5.759597 0.599545 

Xcurr_next : 
4.594888 0.940867 -10.563942 5.780894 0.609180 

Xcurr_next : 
4.674121 0.960224 -10.583539 5.786666 0.602100 

Xcurr_next : 
4.615904 0.946001 -10.615950 5.807610 0.611576 

Xcurr_next : 
4.693824 0.965038 -10.635223 5.813287 0.604614 

Xcurr_next : 
4.636571 0.951050 -10.667098 5.833884 0.613932 

Xcurr_next : 
4.713202 0.969772 -10.686052 5.839467 0.607085 

Xcurr_next : 
4.656897 0.956016 -10.717399 5.859724 0.616249 

Xcurr_next : 
4.732259 0.974427 -10.736039 5.865214 0.609516 

Xcurr_next : 
4.676886 0.960899 -10.766867 5.885135 0.618528 

Xcurr_next : 
4.751000 0.979006 -10.785198 5.890534 0.611906 

Xcurr_next : 
4.696544 0.965702 -10.815516 5.910126 0.620769 

Xcurr_next : 
4.769431 0.983509 -10.833544 5.915436 0.614257 

Xcurr_next : 
4.715876 0.970425 -10.863360 5.934703 0.622973 

Xcurr_next : 
4.787557 0.987937 -10.881089 5.939925 0.616569 

Xcurr_next : 
4.734889 0.975070 -10.910411 5.958873 0.625141 

Xcurr_next : 
4.805382 0.992292 -10.927847 5.964008 0.618843 

Xcurr_next : 
4.753586 0.979638 -10.956683 5.982643 0.627273 

Xcurr_next : 
4.822913 0.996575 -10.973831 5.987693 0.621079 

Xcurr_next : 
4.771975 0.984130 -11.002190 6.006019 0.629369 

Xcurr_next : 
4.840153 1.000787 -11.019053 6.010986 0.623277 

Xcurr_next : 
4.790058 0.988548 -11.046943 6.029008 0.631431 

Xcurr_next : 
4.857108 1.004929 -11.063527 6.033893 0.625440 

Xcurr_next : 
4.807843 0.992893 -11.090955 6.051617 0.633458 

Xcurr_next : 
4.873782 1.009003 -11.107264 6.056420 0.627567 

Xcurr_next : 
4.825332 0.997166 -11.134238 6.073851 0.635452 

Xcurr_next : 
4.890180 1.013009 -11.150277 6.078575 0.629658 

Xcurr_next : 
4.842533 1.001368 -11.176804 6.095717 0.637413 

Xcurr_next : 
4.906307 1.016949 -11.192578 6.100363 0.631715 

Xcurr_next : 
4.859448 1.005501 -11.218666 6.117221 0.639342 

Xcurr_next : 
4.922166 1.020824 -11.234179 6.121790 0.633738 

Xcurr_next : 
4.876083 1.009565 -11.259835 6.138369 0.641238 

Xcurr_next : 
4.937763 1.024634 -11.275091 6.142863 0.635727 

Xcurr_next : 
4.892443 1.013562 -11.300322 6.159167 0.643103 

Xcurr_next : 
4.953102 1.028381 -11.315326 6.163586 0.637684 

Xcurr_next : 
4.908533 1.017493 -11.340139 6.179621 0.644938 

Xcurr_next : 
4.968187 1.032067 -11.354894 6.183967 0.639608 

Xcurr_next : 
4.924355 1.021358 -11.379297 6.199736 0.646742 

Xcurr_next : 
4.983022 1.035691 -11.393807 6.204010 0.641500 

Xcurr_next : 
4.939916 1.025160 -11.417806 6.219518 0.648516 

Xcurr_next : 
4.997612 1.039255 -11.432077 6.223721 0.643361 

Xcurr_next : 
4.955219 1.028899 -11.455678 6.238973 0.650260 

Xcurr_next : 
5.011959 1.042761 -11.469712 6.243106 0.645191 

Xcurr_next : 
4.970269 1.032575 -11.492922 6.258105 0.651976 

Xcurr_next : 
5.026070 1.046208 -11.506724 6.262170 0.646991 

Xcurr_next : 
4.985070 1.036191 -11.529551 6.276920 0.653664 

Xcurr_next : 
5.039946 1.049598 -11.543124 6.280918 0.648761 

Xcurr_next : 
4.999625 1.039747 -11.565572 6.295425 0.655323 

Xcurr_next : 
5.053593 1.052932 -11.578921 6.299356 0.650501 

Xcurr_next : 
5.013940 1.043245 -11.600997 6.313622 0.656955 

Xcurr_next : 
5.067014 1.056211 -11.614125 6.317489 0.652213 

Xcurr_next : 
5.028017 1.046684 -11.635836 6.331519 0.658560 

Xcurr_next : 
5.080213 1.059436 -11.648746 6.335321 0.653897 

Xcurr_next : 
5.041862 1.050066 -11.670098 6.349119 0.660138 

Xcurr_next : 
5.093194 1.062607 -11.682794 6.352858 0.655552 

Xcurr_next : 
5.055477 1.053392 -11.703793 6.366427 0.661691 

Xcurr_next : 
5.105959 1.065726 -11.716279 6.370105 0.657180 

Xcurr_next : 
5.068867 1.056664 -11.736929 6.383450 0.663217 

Xcurr_next : 
5.118513 1.068793 -11.749209 6.387066 0.658782 

Xcurr_next : 
5.082035 1.059881 -11.769518 6.400190 0.664719 

Xcurr_next : 
5.130859 1.071809 -11.781594 6.403747 0.660356 

Xcurr_next : 
5.094985 1.063045 -11.801566 6.416653 0.666195 

Xcurr_next : 
5.143001 1.074775 -11.813442 6.420151 0.661905 

Xcurr_next : 
5.107721 1.066156 -11.833084 6.432844 0.667647 

Xcurr_next : 
5.154942 1.077693 -11.844764 6.436284 0.663428 

Xcurr_next : 
5.120246 1.069216 -11.864080 6.448766 0.669075 

Xcurr_next : 
5.166685 1.080562 -11.875567 6.452149 0.664926 

Xcurr_next : 
5.132563 1.072225 -11.894563 6.464425 0.670479 

Xcurr_next : 
5.178233 1.083383 -11.905859 6.467752 0.666399 

Xcurr_next : 
5.144677 1.075185 -11.924542 6.479825 0.671860 

Xcurr_next : 
5.189591 1.086158 -11.935651 6.483097 0.667847 

Xcurr_next : 
5.156590 1.078095 -11.954023 6.494969 0.673218 

Xcurr_next : 
5.200760 1.088886 -11.964949 6.498187 0.669272 

Xcurr_next : 
5.168306 1.080957 -11.983017 6.509863 0.674554 

Xcurr_next : 
5.211745 1.091570 -11.993762 6.513028 0.670673 

Xcurr_next : 
5.179827 1.083772 -12.011531 6.524511 0.675868 

Xcurr_next : 
5.222547 1.094209 -12.022097 6.527623 0.672051 

Xcurr_next : 
5.191158 1.086541 -12.039573 6.538915 0.677160 

Xcurr_next : 
5.233171 1.096805 -12.049964 6.541976 0.673406 

Xcurr_next : 
5.202302 1.089263 -12.067150 6.553082 0.678430 

Xcurr_next : 
5.243619 1.099357 -12.077370 6.556092 0.674739 

Xcurr_next : 
5.213261 1.091940 -12.094271 6.567014 0.679679 

Xcurr_next : 
5.253894 1.101867 -12.104321 6.569974 0.676049 

Xcurr_next : 
5.224038 1.094573 -12.120943 6.580715 0.680908 

Xcurr_next : 
5.263999 1.104336 -12.130827 6.583626 0.677338 

Xcurr_next : 
5.234637 1.097163 -12.147173 6.594189 0.682117 

Xcurr_next : 
5.273936 1.106764 -12.156893 6.597052 0.678605 

Xcurr_next : 
5.245061 1.099709 -12.172969 6.607440 0.683305 

Xcurr_next : 
5.283709 1.109152 -12.182528 6.610256 0.679852 

Xcurr_next : 
5.255312 1.102214 -12.198338 6.620472 0.684474 

Xcurr_next : 
5.293320 1.111500 -12.207739 6.623241 0.681078 

Xcurr_next : 
5.265393 1.104677 -12.223287 6.633288 0.685623 

Xcurr_next : 
5.302772 1.113809 -12.232532 6.636011 0.682283 

Xcurr_next : 
5.275308 1.107099 -12.247822 6.645892 0.686753 

Xcurr_next : 
5.312067 1.116080 -12.256915 6.648570 0.683469 

Xcurr_next : 
5.285058 1.109481 -12.271952 6.658287 0.687865 

Xcurr_next : 
5.321209 1.118313 -12.280894 6.660921 0.684635 

Xcurr_next : 
5.294646 1.111824 -12.295682 6.670477 0.688958 

Xcurr_next : 
5.330199 1.120510 -12.304476 6.673067 0.685782 

Xcurr_next : 
5.304077 1.114128 -12.319019 6.682465 0.690033 

Xcurr_next : 
5.339041 1.122670 -12.327667 6.685012 0.686909 

Xcurr_next : 
5.313350 1.116393 -12.341970 6.694255 0.691091 

Xcurr_next : 
5.347736 1.124794 -12.350475 6.696760 0.688018 

Xcurr_next : 
5.322471 1.118621 -12.364541 6.705849 0.692130 

Xcurr_next : 
5.356287 1.126883 -12.372905 6.708313 0.689109 

Xcurr_next : 
5.331440 1.120813 -12.386738 6.717252 0.693153 

Xcurr_next : 
5.364696 1.128937 -12.394963 6.719674 0.690182 

Xcurr_next : 
5.340261 1.122968 -12.408567 6.728465 0.694159 

Xcurr_next : 
5.372967 1.130958 -12.416657 6.730848 0.691237 

Xcurr_next : 
5.348936 1.125087 -12.430035 6.739493 0.695148 

Xcurr_next : 
5.381100 1.132945 -12.437991 6.741837 0.692274 

Xcurr_next : 
5.357467 1.127171 -12.451148 6.750339 0.696120 

Xcurr_next : 
5.389098 1.134899 -12.458972 6.752643 0.693294 

Xcurr_next : 
5.365857 1.129221 -12.471911 6.761005 0.697077 

Xcurr_next : 
5.396965 1.136821 -12.479606 6.763271 0.694297 

Xcurr_next : 
5.374108 1.131237 -12.492331 6.771494 0.698017 

Xcurr_next : 
5.404701 1.138711 -12.499898 6.773723 0.695284 

Xcurr_next : 
5.382222 1.133219 -12.512412 6.781810 0.698943 

Xcurr_next : 
5.412309 1.140570 -12.519854 6.784001 0.696254 

Xcurr_next : 
5.390202 1.135169 -12.532161 6.791955 0.699852 

Xcurr_next : 
5.419791 1.142397 -12.539479 6.794110 0.697209 

Xcurr_next : 
5.398050 1.137086 -12.551583 6.801931 0.700747 

Xcurr_next : 
5.427149 1.144195 -12.558780 6.804051 0.698147 

Xcurr_next : 
5.405768 1.138972 -12.570683 6.811743 0.701627 

Xcurr_next : 
5.434385 1.145963 -12.577761 6.813828 0.699070 

Xcurr_next : 
5.413359 1.140826 -12.589467 6.821392 0.702492 

Xcurr_next : 
5.441501 1.147702 -12.596428 6.823443 0.699978 

Xcurr_next : 
5.420823 1.142650 -12.607940 6.830882 0.703343 

Xcurr_next : 
5.448500 1.149411 -12.614786 6.832898 0.700871 

Xcurr_next : 
5.428164 1.144443 -12.626107 6.840214 0.704180 

Xcurr_next : 
5.455383 1.151093 -12.632840 6.842197 0.701748 

Xcurr_next : 
5.435384 1.146207 -12.643974 6.849392 0.705003 

Xcurr_next : 
5.462151 1.152747 -12.650595 6.851342 0.702612 

Xcurr_next : 
5.442484 1.147942 -12.661544 6.858418 0.705813 

Xcurr_next : 
5.468808 1.154373 -12.668056 6.860336 0.703461 

Xcurr_next : 
5.449466 1.149647 -12.678824 6.867294 0.706609 

Xcurr_next : 
5.475355 1.155972 -12.685228 6.869180 0.704296 

Xcurr_next : 
5.456333 1.151325 -12.695818 6.876024 0.707392 

Xcurr_next : 
5.481793 1.157545 -12.702115 6.877879 0.705117 

Xcurr_next : 
5.463086 1.152975 -12.712530 6.884609 0.708162 

Xcurr_next : 
5.488124 1.159092 -12.718723 6.886433 0.705925 

Xcurr_next : 
5.469727 1.154597 -12.728966 6.893052 0.708919 

Xcurr_next : 
5.494351 1.160613 -12.735056 6.894846 0.706719 

Xcurr_next : 
5.476258 1.156193 -12.745129 6.901355 0.709663 

Xcurr_next : 
5.500475 1.162109 -12.751119 6.903119 0.707500 

Xcurr_next : 
5.482681 1.157762 -12.761025 6.909520 0.710396 

Xcurr_next : 
5.506497 1.163581 -12.766915 6.911255 0.708268 

Xcurr_next : 
5.488998 1.159306 -12.776658 6.917551 0.711116 

Xcurr_next : 
5.512419 1.165028 -12.782451 6.919257 0.709023 

Xcurr_next : 
5.495210 1.160823 -12.792031 6.925448 0.711824 

Xcurr_next : 
5.518244 1.166450 -12.797729 6.927126 0.709766 

Xcurr_next : 
5.501320 1.162316 -12.807151 6.933215 0.712521 

Xcurr_next : 
5.523972 1.167850 -12.812754 6.934865 0.710497 

Xcurr_next : 
5.507328 1.163784 -12.822020 6.940853 0.713206 

Xcurr_next : 
5.529605 1.169226 -12.827530 6.942476 0.711215 

Xcurr_next : 
5.513237 1.165227 -12.836643 6.948365 0.713879 

Xcurr_next : 
5.535145 1.170580 -12.842061 6.949961 0.711922 

Xcurr_next : 
5.519048 1.166647 -12.851023 6.955752 0.714542 

Xcurr_next : 
5.540593 1.171911 -12.856352 6.957322 0.712617 

Xcurr_next : 
5.524762 1.168043 -12.865166 6.963017 0.715193 

Xcurr_next : 
5.545951 1.173220 -12.870407 6.964561 0.713300 

Xcurr_next : 
5.530383 1.169416 -12.879074 6.970162 0.715834 

Xcurr_next : 
5.551221 1.174507 -12.884228 6.971680 0.713972 

Xcurr_next : 
5.535910 1.170766 -12.892752 6.977188 0.716464 

Xcurr_next : 
5.556403 1.175773 -12.897821 6.978681 0.714633 

Xcurr_next : 
5.541345 1.172094 -12.906204 6.984098 0.717084 

Xcurr_next : 
5.561499 1.177018 -12.911189 6.985566 0.715283 

Xcurr_next : 
5.546691 1.173400 -12.919433 6.990894 0.717693 

Xcurr_next : 
5.566511 1.178242 -12.924336 6.992338 0.715923 

Xcurr_next : 
5.551948 1.174685 -12.932443 6.997577 0.718293 

Xcurr_next : 
5.571440 1.179447 -12.937264 6.998997 0.716551 

Xcurr_next : 
5.557118 1.175948 -12.945238 7.004149 0.718882 

Xcurr_next : 
5.576287 1.180631 -12.949979 7.005546 0.717170 

Xcurr_next : 
5.562202 1.177190 -12.957820 7.010613 0.719462 

Xcurr_next : 
5.581054 1.181796 -12.962483 7.011986 0.717778 

Xcurr_next : 
5.567202 1.178411 -12.970195 7.016970 0.720032 

Xcurr_next : 
5.585742 1.182941 -12.974781 7.018320 0.718375 

Xcurr_next : 
5.572120 1.179613 -12.982364 7.023221 0.720593 

Xcurr_next : 
5.590353 1.184067 -12.986874 7.024549 0.718964 

Xcurr_next : 
5.576956 1.180794 -12.994332 7.029369 0.721144 

Xcurr_next : 
5.594887 1.185175 -12.998768 7.030675 0.719542 

Xcurr_next : 
5.581712 1.181956 -13.006102 7.035415 0.721686 

Xcurr_next : 
5.599346 1.186264 -13.010464 7.036700 0.720111 

Xcurr_next : 
5.586389 1.183099 -13.017677 7.041361 0.722219 

Xcurr_next : 
5.603731 1.187336 -13.021967 7.042624 0.720670 

Xcurr_next : 
5.590989 1.184223 -13.029061 7.047209 0.722744 

Xcurr_next : 
5.608044 1.188389 -13.033279 7.048451 0.721220 

Xcurr_next : 
5.595512 1.185328 -13.040256 7.052959 0.723260 

Xcurr_next : 
5.612285 1.189426 -13.044404 7.054181 0.721761 

Xcurr_next : 
5.599961 1.186415 -13.051265 7.058615 0.723767 

Xcurr_next : 
5.616456 1.190445 -13.055345 7.059817 0.722293 

Xcurr_next : 
5.604336 1.187484 -13.062093 7.064177 0.724266 

Xcurr_next : 
5.620558 1.191447 -13.066105 7.065359 0.722816 

Xcurr_next : 
5.608639 1.188535 -13.072741 7.069647 0.724756 

Xcurr_next : 
5.624592 1.192432 -13.076686 7.070809 0.723331 

Xcurr_next : 
5.612870 1.189569 -13.083212 7.075026 0.725238 

Xcurr_next : 
5.628559 1.193401 -13.087093 7.076169 0.723837 

Xcurr_next : 
5.617032 1.190585 -13.093511 7.080316 0.725713 

Xcurr_next : 
5.632461 1.194355 -13.097327 7.081440 0.724334 

Xcurr_next : 
5.621124 1.191585 -13.103639 7.085519 0.726179 

Xcurr_next : 
5.636298 1.195292 -13.107392 7.086624 0.724824 

Xcurr_next : 
5.625149 1.192568 -13.113599 7.090635 0.726638 

Xcurr_next : 
5.640071 1.196214 -13.117290 7.091722 0.725305 

Xcurr_next : 
5.629107 1.193535 -13.123394 7.095667 0.727090 

Xcurr_next : 
5.643782 1.197121 -13.127024 7.096736 0.725778 

Xcurr_next : 
5.632999 1.194486 -13.133027 7.100615 0.727533 

Xcurr_next : 
5.647432 1.198012 -13.136597 7.101667 0.726244 

Xcurr_next : 
5.636827 1.195421 -13.142501 7.105482 0.727970 

Xcurr_next : 
5.651021 1.198889 -13.146011 7.106516 0.726702 

Xcurr_next : 
5.640592 1.196341 -13.151817 7.110268 0.728399 

Xcurr_next : 
5.654551 1.199751 -13.155270 7.111285 0.727152 

Xcurr_next : 
5.644294 1.197246 -13.160980 7.114975 0.728821 

Xcurr_next : 
5.658022 1.200599 -13.164375 7.115975 0.727595 

Xcurr_next : 
5.647936 1.198135 -13.169991 7.119603 0.729236 

Xcurr_next : 
5.661436 1.201433 -13.173330 7.120587 0.728030 

Xcurr_next : 
5.651516 1.199010 -13.178852 7.124156 0.729644 

Xcurr_next : 
5.664793 1.202254 -13.182136 7.125123 0.728458 

Xcurr_next : 
5.655038 1.199870 -13.187567 7.128632 0.730046 

Xcurr_next : 
5.668095 1.203060 -13.190797 7.129584 0.728879 

Xcurr_next : 
5.658501 1.200717 -13.196138 7.133035 0.730441 

Xcurr_next : 
5.671342 1.203854 -13.199314 7.133970 0.729294 

Xcurr_next : 
5.661907 1.201549 -13.204567 7.137365 0.730829 

Xcurr_next : 
5.674535 1.204634 -13.207690 7.138285 0.729701 

Xcurr_next : 
5.665256 1.202367 -13.212856 7.141623 0.731211 

Xcurr_next : 
5.677675 1.205401 -13.215927 7.142528 0.730101 

Xcurr_next : 
5.668550 1.203172 -13.221008 7.145810 0.731586 

Xcurr_next : 
5.680764 1.206155 -13.224028 7.146700 0.730495 

Xcurr_next : 
5.671790 1.203963 -13.229025 7.149929 0.731956 

Xcurr_next : 
5.683801 1.206898 -13.231995 7.150804 0.730883 

Xcurr_next : 
5.674976 1.204741 -13.236909 7.153979 0.732319 

Xcurr_next : 
5.686788 1.207627 -13.239830 7.154839 0.731264 

Xcurr_next : 
5.678109 1.205507 -13.244662 7.157962 0.732676 

Xcurr_next : 
5.689725 1.208345 -13.247536 7.158808 0.731638 

Xcurr_next : 
5.681190 1.206260 -13.252288 7.161879 0.733028 

Xcurr_next : 
5.692614 1.209051 -13.255113 7.162711 0.732007 

Xcurr_next : 
5.684220 1.207000 -13.259787 7.165731 0.733373 

Xcurr_next : 
5.695455 1.209745 -13.262566 7.166549 0.732369 

Xcurr_next : 
5.687200 1.207728 -13.267162 7.169519 0.733713 

Xcurr_next : 
5.698249 1.210427 -13.269895 7.170324 0.732726 

Xcurr_next : 
5.690131 1.208444 -13.274415 7.173245 0.734047 

Xcurr_next : 
5.700997 1.211099 -13.277102 7.174037 0.733076 

Xcurr_next : 
5.693013 1.209148 -13.281547 7.176909 0.734375 

Xcurr_next : 
5.703699 1.211759 -13.284190 7.177688 0.733421 

Xcurr_next : 
5.695848 1.209841 -13.288562 7.180513 0.734699 

Xcurr_next : 
5.706357 1.212408 -13.291161 7.181278 0.733760 

Xcurr_next : 
5.698635 1.210522 -13.295460 7.184056 0.735016 

Xcurr_next : 
5.708971 1.213047 -13.298017 7.184809 0.734093 

Xcurr_next : 
5.701376 1.211191 -13.302245 7.187541 0.735329 

Xcurr_next : 
5.711541 1.213675 -13.304759 7.188282 0.734421 

Xcurr_next : 
5.704072 1.211850 -13.308917 7.190969 0.735636 

Xcurr_next : 
5.714068 1.214292 -13.311389 7.191697 0.734743 

Xcurr_next : 
5.706724 1.212498 -13.315478 7.194339 0.735939 

Xcurr_next : 
5.716554 1.214899 -13.317910 7.195055 0.735060 

Xcurr_next : 
5.709331 1.213135 -13.321931 7.197654 0.736236 

Xcurr_next : 
5.718999 1.215497 -13.324322 7.198358 0.735372 

Xcurr_next : 
5.711896 1.213761 -13.328277 7.200914 0.736528 

Xcurr_next : 
5.721403 1.216084 -13.330629 7.201607 0.735679 

Xcurr_next : 
5.714417 1.214377 -13.334518 7.204120 0.736816 

Xcurr_next : 
5.723768 1.216662 -13.336831 7.204801 0.735980 

Xcurr_next : 
5.716897 1.214983 -13.340655 7.207273 0.737098 

Xcurr_next : 
5.726093 1.217230 -13.342930 7.207943 0.736277 

Xcurr_next : 
5.719336 1.215579 -13.346691 7.210373 0.737377 

Xcurr_next : 
5.728380 1.217788 -13.348928 7.211032 0.736569 

Xcurr_next : 
5.721735 1.216165 -13.352627 7.213423 0.737650 

Xcurr_next : 
5.730629 1.218338 -13.354827 7.214071 0.736855 

Xcurr_next : 
5.724094 1.216741 -13.358465 7.216421 0.737919 

Xcurr_next : 
5.732840 1.218878 -13.360629 7.217059 0.737137 

Xcurr_next : 
5.726414 1.217308 -13.364206 7.219371 0.738183 

Xcurr_next : 
5.735015 1.219410 -13.366334 7.219997 0.737415 

Xcurr_next : 
5.728695 1.217866 -13.369852 7.222271 0.738444 

Xcurr_next : 
5.737154 1.219932 -13.371945 7.222887 0.737688 

Xcurr_next : 
5.730939 1.218414 -13.375405 7.225123 0.738699 

Xcurr_next : 
5.739258 1.220446 -13.377463 7.225729 0.737956 

Xcurr_next : 
5.733146 1.218953 -13.380866 7.227928 0.738951 

Xcurr_next : 
5.741327 1.220952 -13.382889 7.228524 0.738220 

Xcurr_next : 
5.735316 1.219483 -13.386236 7.230687 0.739198 

Xcurr_next : 
5.743361 1.221449 -13.388226 7.231273 0.738479 

Xcurr_next : 
5.737450 1.220004 -13.391517 7.233400 0.739442 

Xcurr_next : 
5.745362 1.221937 -13.393474 7.233976 0.738735 

Xcurr_next : 
5.739548 1.220517 -13.396711 7.236068 0.739681 

Xcurr_next : 
5.747330 1.222418 -13.398636 7.236635 0.738986 

Xcurr_next : 
5.741612 1.221021 -13.401819 7.238692 0.739916 

Xcurr_next : 
5.749265 1.222891 -13.403712 7.239250 0.739232 

Xcurr_next : 
5.743642 1.221517 -13.406842 7.241272 0.740148 

Xcurr_next : 
5.751168 1.223356 -13.408704 7.241821 0.739475 

Xcurr_next : 
5.745638 1.222005 -13.411783 7.243810 0.740375 

Xcurr_next : 
5.753040 1.223813 -13.413613 7.244349 0.739714 

Xcurr_next : 
5.747602 1.222485 -13.416641 7.246306 0.740599 

Xcurr_next : 
5.754880 1.224263 -13.418441 7.246836 0.739949 

Xcurr_next : 
5.749532 1.222956 -13.421419 7.248760 0.740819 

Xcurr_next : 
5.756691 1.224705 -13.423189 7.249282 0.740180 

Xcurr_next : 
5.751431 1.223420 -13.426118 7.251174 0.741036 

Xcurr_next : 
5.758471 1.225140 -13.427859 7.251687 0.740407 

Xcurr_next : 
5.753298 1.223876 -13.430739 7.253548 0.741248 

Xcurr_next : 
5.760221 1.225568 -13.432451 7.254052 0.740630 

Xcurr_next : 
5.755134 1.224325 -13.435283 7.255882 0.741458 

Xcurr_next : 
5.761943 1.225988 -13.436967 7.256378 0.740849 

Xcurr_next : 
5.756940 1.224766 -13.439753 7.258178 0.741664 

Xcurr_next : 
5.763636 1.226402 -13.441409 7.258666 0.741065 

Xcurr_next : 
5.758716 1.225200 -13.444148 7.260436 0.741866 

Xcurr_next : 
5.765302 1.226809 -13.445777 7.260916 0.741278 

Xcurr_next : 
5.760463 1.225627 -13.448470 7.262656 0.742065 

Xcurr_next : 
5.766939 1.227209 -13.450072 7.263128 0.741487 

Xcurr_next : 
5.762181 1.226046 -13.452721 7.264840 0.742261 

Xcurr_next : 
5.768550 1.227602 -13.454297 7.265304 0.741692 

Xcurr_next : 
5.763870 1.226459 -13.456902 7.266988 0.742454 

Xcurr_next : 
5.770133 1.227989 -13.458451 7.267444 0.741894 

Xcurr_next : 
5.765531 1.226865 -13.461013 7.269100 0.742643 

Xcurr_next : 
5.771691 1.228370 -13.462537 7.269548 0.742093 

Xcurr_next : 
5.767165 1.227264 -13.465057 7.271177 0.742829 

Xcurr_next : 
5.773223 1.228744 -13.466555 7.271618 0.742288 

Xcurr_next : 
5.768772 1.227657 -13.469033 7.273219 0.743013 

Xcurr_next : 
5.774729 1.229112 -13.470506 7.273653 0.742480 

Xcurr_next : 
5.770352 1.228043 -13.472943 7.275228 0.743193 

Xcurr_next : 
5.776211 1.229474 -13.474392 7.275655 0.742669 

Xcurr_next : 
5.771906 1.228422 -13.476789 7.277204 0.743370 

Xcurr_next : 
5.777668 1.229830 -13.478214 7.277623 0.742855 

Xcurr_next : 
5.773434 1.228796 -13.480571 7.279146 0.743544 

Xcurr_next : 
5.779101 1.230180 -13.481973 7.279559 0.743038 

Xcurr_next : 
5.774937 1.229163 -13.484291 7.281057 0.743716 

Xcurr_next : 
5.780510 1.230524 -13.485669 7.281463 0.743218 

Xcurr_next : 
5.776415 1.229524 -13.487949 7.282936 0.743884 

Xcurr_next : 
5.781896 1.230863 -13.489304 7.283335 0.743394 

Xcurr_next : 
5.777869 1.229879 -13.491546 7.284784 0.744050 

Xcurr_next : 
5.783259 1.231196 -13.492879 7.285177 0.743568 

Xcurr_next : 
5.779298 1.230228 -13.495084 7.286601 0.744213 

Xcurr_next : 
5.784599 1.231523 -13.496395 7.286988 0.743739 

Xcurr_next : 
5.780704 1.230572 -13.498563 7.288389 0.744373 

Xcurr_next : 
5.785917 1.231845 -13.499852 7.288768 0.743907 

Xcurr_next : 
5.782087 1.230910 -13.501984 7.290146 0.744531 

Xcurr_next : 
5.787213 1.232162 -13.503252 7.290520 0.744073 

Xcurr_next : 
5.783447 1.231242 -13.505349 7.291875 0.744686 

Xcurr_next : 
5.788488 1.232473 -13.506596 7.292242 0.744235 

Xcurr_next : 
5.784784 1.231569 -13.508659 7.293575 0.744838 

Xcurr_next : 
5.789742 1.232780 -13.509885 7.293936 0.744395 

Xcurr_next : 
5.786099 1.231890 -13.511913 7.295247 0.744988 

Xcurr_next : 
5.790975 1.233081 -13.513119 7.295602 0.744552 

Xcurr_next : 
5.787392 1.232206 -13.515114 7.296891 0.745135 

Xcurr_next : 
5.792187 1.233377 -13.516300 7.297240 0.744707 

Xcurr_next : 
5.788664 1.232516 -13.518261 7.298508 0.745280 

Xcurr_next : 
5.793380 1.233669 -13.519428 7.298851 0.744859 

Xcurr_next : 
5.789915 1.232822 -13.521357 7.300098 0.745423 

Xcurr_next : 
5.794553 1.233955 -13.522504 7.300436 0.745009 

Xcurr_next : 
5.791145 1.233123 -13.524401 7.301661 0.745563 

Xcurr_next : 
5.795706 1.234237 -13.525529 7.301994 0.745156 

Xcurr_next : 
5.792355 1.233418 -13.527395 7.303199 0.745701 

Xcurr_next : 
5.796840 1.234514 -13.528504 7.303526 0.745301 

Xcurr_next : 
5.793544 1.233709 -13.530339 7.304712 0.745837 

Xcurr_next : 
5.797955 1.234786 -13.531430 7.305033 0.745443 

Xcurr_next : 
5.794714 1.233995 -13.533234 7.306199 0.745970 

Xcurr_next : 
5.799052 1.235054 -13.534307 7.306515 0.745583 

Xcurr_next : 
5.795865 1.234276 -13.536082 7.307662 0.746101 

Xcurr_next : 
5.800131 1.235318 -13.537137 7.307973 0.745720 

Xcurr_next : 
5.796997 1.234552 -13.538882 7.309100 0.746230 

Xcurr_next : 
5.801192 1.235577 -13.539920 7.309406 0.745856 

Xcurr_next : 
5.798109 1.234824 -13.541636 7.310515 0.746357 

Xcurr_next : 
5.802236 1.235832 -13.542657 7.310816 0.745989 

Xcurr_next : 
5.799204 1.235091 -13.544345 7.311907 0.746482 

Xcurr_next : 
5.803262 1.236083 -13.545348 7.312202 0.746120 

Xcurr_next : 
5.800280 1.235354 -13.547008 7.313275 0.746605 

Xcurr_next : 
5.804271 1.236329 -13.547995 7.313566 0.746248 

Xcurr_next : 
5.801339 1.235613 -13.549628 7.314620 0.746726 

Xcurr_next : 
5.805263 1.236572 -13.550599 7.314906 0.746375 

Xcurr_next : 
5.802380 1.235867 -13.552204 7.315944 0.746844 

Xcurr_next : 
5.806239 1.236810 -13.553159 7.316225 0.746499 

Xcurr_next : 
5.803403 1.236117 -13.554738 7.317245 0.746961 

Xcurr_next : 
5.807199 1.237045 -13.555676 7.317522 0.746622 

Xcurr_next : 
5.804410 1.236363 -13.557229 7.318525 0.747076 

Xcurr_next : 
5.808143 1.237275 -13.558152 7.318797 0.746742 

Xcurr_next : 
5.805400 1.236605 -13.559679 7.319784 0.747189 

Xcurr_next : 
5.809071 1.237502 -13.560587 7.320051 0.746861 

Xcurr_next : 
5.806374 1.236843 -13.562089 7.321022 0.747300 

Xcurr_next : 
5.809984 1.237725 -13.562982 7.321285 0.746977 

Xcurr_next : 
5.807331 1.237077 -13.564459 7.322239 0.747409 

Xcurr_next : 
5.810882 1.237945 -13.565337 7.322498 0.747092 

Xcurr_next : 
5.808273 1.237307 -13.566789 7.323436 0.747516 

Xcurr_next : 
5.811765 1.238160 -13.567653 7.323691 0.747204 

Xcurr_next : 
5.809199 1.237533 -13.569081 7.324614 0.747622 

Xcurr_next : 
5.812633 1.238372 -13.569931 7.324864 0.747315 

Xcurr_next : 
5.810110 1.237756 -13.571336 7.325771 0.747726 

Xcurr_next : 
5.813487 1.238581 -13.572171 7.326017 0.747424 

Xcurr_next : 
5.811006 1.237975 -13.573552 7.326910 0.747828 

Xcurr_next : 
5.814327 1.238786 -13.574374 7.327152 0.747531 

Xcurr_next : 
5.811887 1.238190 -13.575732 7.328030 0.747928 

Xcurr_next : 
5.815153 1.238988 -13.576540 7.328268 0.747636 

Xcurr_next : 
5.812753 1.238402 -13.577876 7.329131 0.748027 

Xcurr_next : 
5.815965 1.239186 -13.578671 7.329365 0.747740 

Xcurr_next : 
5.813605 1.238610 -13.579985 7.330214 0.748124 

Xcurr_next : 
5.816764 1.239382 -13.580766 7.330445 0.747842 

Xcurr_next : 
5.814443 1.238814 -13.582058 7.331280 0.748220 

Xcurr_next : 
5.817550 1.239573 -13.582827 7.331506 0.747942 

Xcurr_next : 
5.815267 1.239016 -13.584097 7.332327 0.748313 

Xcurr_next : 
5.818322 1.239762 -13.584853 7.332550 0.748040 

Xcurr_next : 
5.816077 1.239214 -13.586103 7.333357 0.748406 

Xcurr_next : 
5.819082 1.239948 -13.586846 7.333576 0.748137 

Xcurr_next : 
5.816874 1.239408 -13.588075 7.334370 0.748497 

Xcurr_next : 
5.819829 1.240130 -13.588806 7.334586 0.748233 

Xcurr_next : 
5.817658 1.239600 -13.590015 7.335367 0.748586 

Xcurr_next : 
5.820564 1.240310 -13.590733 7.335578 0.748326 

Xcurr_next : 
5.818429 1.239788 -13.591922 7.336347 0.748674 

Xcurr_next : 
5.821287 1.240486 -13.592629 7.336555 0.748419 

Xcurr_next : 
5.819187 1.239973 -13.593798 7.337310 0.748760 

Xcurr_next : 
5.821997 1.240660 -13.594493 7.337515 0.748509 

Xcurr_next : 
5.819932 1.240156 -13.595643 7.338258 0.748845 

Xcurr_next : 
5.822696 1.240831 -13.596326 7.338459 0.748598 

Xcurr_next : 
5.820665 1.240335 -13.597457 7.339190 0.748929 

Xcurr_next : 
5.823384 1.240999 -13.598129 7.339388 0.748686 

Xcurr_next : 
5.821386 1.240511 -13.599241 7.340106 0.749011 

Xcurr_next : 
5.824060 1.241164 -13.599903 7.340301 0.748772 

Xcurr_next : 
5.822095 1.240684 -13.600996 7.341008 0.749092 

Xcurr_next : 
5.824724 1.241326 -13.601646 7.341199 0.748857 

Xcurr_next : 
5.822793 1.240854 -13.602722 7.341894 0.749171 

Xcurr_next : 
5.825378 1.241486 -13.603361 7.342083 0.748940 

Xcurr_next : 
5.823478 1.241022 -13.604419 7.342766 0.749250 

Xcurr_next : 
5.826021 1.241643 -13.605048 7.342951 0.749022 

Xcurr_next : 
5.824153 1.241187 -13.606088 7.343623 0.749327 

Xcurr_next : 
5.826653 1.241798 -13.606706 7.343806 0.749103 

Xcurr_next : 
5.824816 1.241349 -13.607729 7.344467 0.749402 

Xcurr_next : 
5.827275 1.241950 -13.608337 7.344646 0.749182 

Xcurr_next : 
5.825468 1.241508 -13.609343 7.345296 0.749477 

Xcurr_next : 
5.827887 1.242099 -13.609941 7.345472 0.749260 

Xcurr_next : 
5.826110 1.241665 -13.610931 7.346111 0.749550 

Xcurr_next : 
5.828488 1.242246 -13.611519 7.346285 0.749337 

Xcurr_next : 
5.826741 1.241819 -13.612492 7.346913 0.749622 

Xcurr_next : 
5.829080 1.242390 -13.613070 7.347084 0.749413 

Xcurr_next : 
5.827361 1.241970 -13.614027 7.347702 0.749692 

Xcurr_next : 
5.829661 1.242532 -13.614596 7.347869 0.749487 

Xcurr_next : 
5.827971 1.242120 -13.615537 7.348478 0.749762 

Xcurr_next : 
5.830233 1.242672 -13.616097 7.348642 0.749560 

Xcurr_next : 
5.828571 1.242266 -13.617022 7.349240 0.749830 

Xcurr_next : 
5.830796 1.242810 -13.617572 7.349402 0.749631 

Xcurr_next : 
5.829161 1.242410 -13.618482 7.349990 0.749898 

Xcurr_next : 
5.831349 1.242945 -13.619023 7.350150 0.749702 

Xcurr_next : 
5.829742 1.242552 -13.619918 7.350728 0.749964 

Xcurr_next : 
5.831893 1.243078 -13.620451 7.350885 0.749771 

Xcurr_next : 
5.830312 1.242691 -13.621331 7.351454 0.750029 

Xcurr_next : 
5.832428 1.243208 -13.621854 7.351608 0.749840 

Xcurr_next : 
5.830873 1.242829 -13.622720 7.352167 0.750093 

Xcurr_next : 
5.832954 1.243337 -13.623235 7.352319 0.749907 

Xcurr_next : 
5.831425 1.242963 -13.624086 7.352869 0.750156 

Xcurr_next : 
5.833472 1.243463 -13.624592 7.353018 0.749973 

Xcurr_next : 
5.831968 1.243096 -13.625429 7.353559 0.750218 

Xcurr_next : 
5.833981 1.243588 -13.625927 7.353706 0.750038 

Xcurr_next : 
5.832502 1.243226 -13.626750 7.354238 0.750278 

Xcurr_next : 
5.834481 1.243710 -13.627240 7.354382 0.750102 

Xcurr_next : 
5.833027 1.243355 -13.628050 7.354905 0.750338 

Xcurr_next : 
5.834974 1.243830 -13.628531 7.355047 0.750164 

Xcurr_next : 
5.833543 1.243481 -13.629327 7.355561 0.750397 

Xcurr_next : 
5.835458 1.243949 -13.629801 7.355701 0.750226 

Xcurr_next : 
5.834051 1.243605 -13.630584 7.356207 0.750455 

Xcurr_next : 
5.835934 1.244065 -13.631050 7.356344 0.750287 

Xcurr_next : 
5.834551 1.243727 -13.631820 7.356842 0.750512 

Xcurr_next : 
5.836402 1.244179 -13.632278 7.356977 0.750347 

Xcurr_next : 
5.835042 1.243847 -13.633035 7.357466 0.750568 

Xcurr_next : 
5.836862 1.244292 -13.633485 7.357599 0.750405 

Xcurr_next : 
5.835525 1.243965 -13.634230 7.358080 0.750623 

Xcurr_next : 
5.837315 1.244402 -13.634673 7.358210 0.750463 

Xcurr_next : 
5.835999 1.244081 -13.635406 7.358684 0.750677 

Xcurr_next : 
5.837761 1.244511 -13.635841 7.358812 0.750520 

Xcurr_next : 
5.836467 1.244195 -13.636562 7.359278 0.750730 

Xcurr_next : 
5.838198 1.244618 -13.636990 7.359404 0.750576 

Xcurr_next : 
5.836926 1.244307 -13.637698 7.359862 0.750783 

Xcurr_next : 
5.838629 1.244723 -13.638120 7.359986 0.750631 

Xcurr_next : 
5.837378 1.244418 -13.638816 7.360436 0.750834 

Xcurr_next : 
5.839053 1.244827 -13.639231 7.360558 0.750685 

Xcurr_next : 
5.837822 1.244526 -13.639916 7.361001 0.750885 

Xcurr_next : 
5.839469 1.244929 -13.640323 7.361121 0.750738 

Xcurr_next : 
5.838259 1.244633 -13.640997 7.361556 0.750935 

Xcurr_next : 
5.839879 1.245029 -13.641398 7.361674 0.750790 

Xcurr_next : 
5.838689 1.244738 -13.642060 7.362102 0.750984 

Xcurr_next : 
5.840282 1.245127 -13.642455 7.362218 0.750841 

Xcurr_next : 
5.839111 1.244841 -13.643106 7.362640 0.751032 

Xcurr_next : 
5.840678 1.245224 -13.643494 7.362754 0.750892 

Xcurr_next : 
5.839527 1.244943 -13.644135 7.363168 0.751079 

Xcurr_next : 
5.841068 1.245319 -13.644516 7.363280 0.750942 

Xcurr_next : 
5.839935 1.245043 -13.645146 7.363687 0.751126 

Xcurr_next : 
5.841451 1.245413 -13.645521 7.363798 0.750990 

Xcurr_next : 
5.840337 1.245141 -13.646141 7.364198 0.751172 

Xcurr_next : 
5.841828 1.245505 -13.646509 7.364307 0.751039 

Xcurr_next : 
5.840733 1.245237 -13.647119 7.364701 0.751217 

Xcurr_next : 
5.842198 1.245595 -13.647481 7.364808 0.751086 

Xcurr_next : 
5.841121 1.245332 -13.648081 7.365195 0.751261 

Xcurr_next : 
5.842563 1.245684 -13.648437 7.365300 0.751132 

Xcurr_next : 
5.841504 1.245426 -13.649027 7.365681 0.751305 

Xcurr_next : 
5.842921 1.245772 -13.649378 7.365784 0.751178 

Xcurr_next : 
5.841880 1.245518 -13.649958 7.366159 0.751348 

Xcurr_next : 
5.843274 1.245858 -13.650302 7.366261 0.751223 

Xcurr_next : 
5.842249 1.245608 -13.650873 7.366629 0.751390 

Xcurr_next : 
5.843620 1.245943 -13.651212 7.366729 0.751267 

Xcurr_next : 
5.842613 1.245697 -13.651772 7.367091 0.751431 

Xcurr_next : 
5.843961 1.246026 -13.652106 7.367190 0.751311 

Xcurr_next : 
5.842971 1.245784 -13.652657 7.367546 0.751472 
